$ANSIBLE_VAULT;1.1;AES256
31333232306536633561666331623838306634346639666466623734336364363165666165396237
3763343431613661393536663539616335333662383266640a306533373237666465613066356263
63643764303235613136633732303939636535326564303030363766313864613862303463343966
3936663462343738320a346565363563326164616130383162316137336138303239323132343338
65333264373531646631653433356337343438396263303066653464323639363331646461313839
63373530333761613935333531636635376566653166616238303934386437326432313838303064
36616130616364396131303263333139336164376566386536396162336536303463626137346263
39353632653230613862663532333732376437353833316562616536326561333665343839376434
35386332396364663162666231333336623032386136343935353136663631643963316464653663
36346664636235333866306130313465643861303266626664633632623466643931623232346436
343439306364396666336332323937626534
